4427
5587
6344
7280
7322
8037
8153
8699
8749
9127
9139
9141
9216
15788
16297
16419
16512
17249
17475
17825
18037
18109
18514
18560
18561
19316
21042
28889
33537
37447
38459
40549
42656
42714
44048
44144
44382
44719
44824
46760
46766
46949
47290
47298
47324
47328
47343
47351
47355
47372
47387
47395
47399
47431
47447
47468
47471
47478
47526
47529
47535
47543
47547
47557
47566
47614
47622
47634
47637
47641
47655
47658
47662
47666
47679
47687
47713
47736
47740
47743
47747
47790
47801
47828
47835
47839
47849
47865
47869
47873
47887
47906
47923
47935
47947
47955
47966
47969
47979
47982
47985
47992
48015
48019
48030
48065
48069
48077
48102
48110
48132
48147
48150
48179
48183
48193
48196
48209
48215
48221
48225
48234
48241
48244
48259
48268
48281
48298
48313
48317
48325
48346
48353
48368
48382
48385
48433
48439
48451
48458
48462
48466
48477
48495
48501
48504
48519
48527
48530
48545
48556
48559
48591
48603
48616
48654
48657
48664
48670
48688
48704
48711
48742
48746
48753
48779
48783
48794
48817
48821
48843
48858
48874
48891
48894
48901
48925
48945
48975
48987
48991
49011
49017
49023
49052
49059
49070
49077
49100
49103
49110
49117
49120
49124
49131
49138
49141
49153
49172
49178
49182
49193
49205
49215
49230
49244
49259
49274
49281
49296
49310
49314
49322
49330
49333
49357
49364
49378
49394
49397
49403
49417
49430
49434
49445
49456
49460
49473
49487
49501
49508
49511
49522
49529
49546
49557
49565
49577
49592
49596
49599
49621
49651
49670
49678
49713
49726
49734
49737
49741
49745
49749
49753
49760
49763
49767
49796
49807
49814
49825
49829
49832
49842
49848
49855
49867
49881
49888
49895
49902
49909
49912
49916
49922
49926
49929
49933
49936
49943
49951
49958
49969
49976
49995
50003
50013
50028
50031
50041
50045
50052
50055
50059
50073
50081
50084
50109
50113
50124
50128
50144
50148
50152
50160
50164
50171
50181
50184
50187
50191
50198
50205
50213
50227
50239
50254
50258
50277
50295
50299
50307
50322
50326
50333
50337
50348
50356
50362
50373
50377
50385
50392
50396
50399
50407
50422
50430
50449
50453
50461
50468
50476
50479
50482
50493
50496
50500
50510
50515
50519
50525
50543
50557
50581
50588
50592
50596
50600
50604
50611
50615
50627
50634
50654
50677
50685
50697
50701
50722
50742
50745
50759
50763
50803
50807
50811
50819
50823
50827
50831
50834
50838
50848
50851
50862
50870
50900
50918
50922
50930
50934
50946
50957
50961
50965
50998
51030
51033
51054
51058
51077
51088
51111
51122
51129
51140
51147
51174
51178
51243
51257
51260
51263
51266
51279
51282
51286
51289
51292
51301
51304
51316
51327
51339
51352
51355
51361
51370
51373
51379
51382
51394
51401
51429
51467
51471
51574
51596
51647
51670
51674
51692
51719
51796
51840
51891
51907
52031
52050
52056
52064
52113
52162
52174
52181
52243
52300
52343
52374
52397
52424
52463
52556
52643
52712
52784
52790
52805
52849
52880
52985
52992
53000
53052
53094
53105
53175
53183
53215
53368
53414
53444
53448
53456
53484
53649
53688
53713
53721
53731
53754
53801
53813
53870
53947
53958
53966
54009
54028
54127
54131
54198
54220
54313
54330
54344
54352
54439
54481
54532
54555
54575
54602
54694
54707
54761
54797
54852
54884
54900
54990
54998
55152
55289
55316
55324
55407
55422
55430
55459
55586
55617
55652
55660
55704
55780
55788
55824
55880
55956
55984
55988
55991
55997
56005
56058
56070
56080
56097
56117
56146
56169
56174
56181
56189
56214
56226
56238
56242
56310
56344
56396
56404
56409
56439
56469
56493
56499
56518
56551
56567
56572
56580
56584
56593
56627
56680
56707
56711
56735
56759
56763
56775
56787
56808
56812
56836
56840
56860
56868
56880
56888
56896
56904
56920
56944
56952
56964
56968
56985
56989
56997
57013
57021
57041
57066
57070
57082
57086
57094
57106
57118
57147
57151
57159
57167
57179
57207
57211
57219
57231
57235
57239
57252
57260
57268
57284
57296
57316
57344
57356
57372
57388
57393
57409
57413
57421
57433
57437
57461
57469
57473
57489
57501
57509
57521
57569
57573
57577
57585
57589
57593
57625
57629
57633
57645
57649
57657
57661
57665
57693
57702
57706
57718
57738
57746
57762
57766
57774
57782
57790
57794
57798
57802
57806
57810
57814
57818
57830
57850
57862
57866
57890
57898
57902
57906
57910
57918
57926
57938
57958
57966
57974
57978
57994
58002
58006
58010
58026
58042
58075
58087
58091
58099
58111
58127
58139
58147
58155
58167
58171
58175
58179
58195
58199
58207
58215
58223
58231
58235
58239
58243
58263
58267
58275
58283
58291
58303
58307
58315
58327
58331
58335
58359
58363
58379
58387
58415
58419
58427
58431
58435
58443
58451
58455
58467
58475
58496
58504
58508
58512
58516
58528
58532
58536
58556
58560
58568
58572
58609
58614
58618
58630
58646
58654
58658
58670
58674
58686
58694
58706
58710
58718
58722
58742
58758
58762
58766
58782
58786
58794
58810
58818
58826
58866
58882
58906
58918
58938
58942
58946
58954
58962
58970
58974
58994
59002
59010
59018
59026
59038
59042
59046
59054
59066
59074
59090
59094
59106
59114
59118
59126
59130
59134
59150
59162
59170
59178
59186
59202
59206
59234
59538
59578
59742
59778
59814
60002
60054
60194
60306
60574
60814
60910
60933
60937
60940
60944
60963
60971
60982
60997
61001
61030
61034
61038
61046
61073
61108
61132
61184
61188
61196
61200
61212
61220
61244
61250
61263
61324
115962
116234
116482
129808
155070
160884
169509
169656
170582
170586
170590
170644
170651
170655
170667
170683
170718
170775
176017
176550
405907
413413
424626
428017
538729
543785
774088
774116
774145
774197
776665
776683
776695
776701
776707
776716
776722
776725
776743
776746
776755
776758
776788
776800
783955
784679
786545
788315
788412
788792
788833
789077
789153
789329
789341
790097
793194
793455
793817
795497
798624
799969
801162
801407
801726
802765
806548
811253
828371
828781
828984
829145
829780
834531
837626
837642
837656
837815
840203
841030
853000
853026
856141
856179
856217
856255
856620
856774
857703
857741
857767
857969
858028
858099
858557
858835
858985
859030
859144
859182
859286
859363
859389
859427
859497
859585
859846
860030
860177
860203
860234
860383
860451
860510
860555
860603
860878
860916
861018
861056
861251
861461
861501
861635
862265
862303
862441
862653
862767
862904
862942
862980
863016
863164
863273
863651
863957
863995
864148
864262
864300
864549
864587
864658
864696
864772
864810
864848
864936
864974
865012
865421
865459
865612
865650
865834
865948
866303
866341
867028
867208
867458
867496
867572
867712
867788
867864
867940
868017
868335
868336
868559
868674
868751
868827
868930
869032
869071
869136
869174
869326
869489
869527
869603
869725
869801
869916
869954
870110
870176
870228
870376
870440
870569
870607
870646
870684
870732
870733
871003
871079
871117
871155
871304
871458
871496
871534
871726
871904
871980
872056
872132
872170
872246
872310
872348
872386
872500
872576
872614
872953
873029
873167
873405
873443
873481
873557
873595
873926
874028
874066
874104
874289
874328
874442
874556
874594
874784
874822
874894
874962
875026
875303
875340
897080
898681
911653
911792
911801
911811
917447
917449
917451
917459
917461
917464
917467
917473
917474
917475
917478
917480
917487
917490
917492
917498
917503
917504
917505
918312
918916
918935
919372
919381
919382
919387
919390
919396
930311
931257
935755
937516
945077
945079
945081
945089
945094
945098
945108
945113
945116
945119
947058
957395
965693
965694
965697
965700
965703
965706
965713
965715
965719
965720
965722
965724
965728
965730
965735
965751
965752
965753
965755
965757
965760
965762
965770
965776
965779
965780
965783
965785
965788
965793
965794
965795
965796
965808
965811
966916
966919
966923
967690
967696
967712
967716
967717
967727
967728
967731
967733
967734
967736
967741
967744
967748
967751
967760
967763
967765
967771
968751
968763
968769
968772
968774
968775
968776
968778
968779
968786
968792
968795
968797
968804
968816
968817
968823
968825
968826
968827
968834
968836
968840
968843
968847
968849
968854
968856
968860
968861
968862
970519
970522
970538
970539
970541
970545
970547
970549
970551
970556
970558
970560
970561
970564
971474
971476
971477
971868
971870
971877
971884
971885
971892
971895
971897
971902
972975
972977
972979
972980
972985
972992
972994
974284
974285
974288
974291
974292
974297
974304
974313
974317
974322
974325
974326
974329
974337
974346
974353
974358
974362
975101
975107
975112
975116
975127
975139
975145
975151
975152
975153
975164
975170
975173
975180
975182
975186
975191
975194
975200
975206
975209
1010650
1052054
1073423
1076088
1085335
1129986
1182725
1182733
1182734
1182738
1182741
1182742
1182747
1182754
1182766
1182772
1182775
1182784
1182785
1182792
1182796
1368176
1368177
1369181
1369182
1404289
1404381
1600969
1600970
1600972
1600977
1625351
1625424
1625439
1625513
1625605
1625704
1625748
1625778
1794970
1794971
1794974
1794975
1794976
1796884
1797190
1797192
1810804
1810806
1810809
1823755
1824974
1825011
1829340
1829432
1829492
1829507
1830200
1830216
1830456
1830778
1831479
1831803
1833182
1833443
1833485
1833513
1833625
1836931
1838041
1839098
2153196
2241655
2241774
2241782
2241788
2241791
2241796
2241797
2241801
2241806
2241807
2241808
2241809
2241814
2241820
2241825
2241826
2241828
2241829
2241830
2241831
2241832
2241834
2262068
2262094
2262124
2262126
2262130
2262133
2262143
2262146
2262151
2262955
2262957
2262960
2262965
2262967
2262969
2262970
2262972
2262976
2262978
2262981
2262983
2262986
2262995
2262997
2264075
2264077
2264079
2264084
2264088
2264090
2264092
2264094
2264095
2264097
2264098
2264100
2264103
2264104
2264109
2264111
2264115
2264117
2265375
2265378
2265379
2265380
2265384
2265386
2265387
2265388
2265390
2265393
2265395
2265397
2265398
2265400
2265401
2265412
2265416
2265419
2265421
2265425
2265429
2265430
2265433
2265440
2265442
2265443
2266050
2266056
2266058
2266060
2266071
2266073
2266074
2266078
2266081
2266083
2266084
2266087
2266088
2266089
2266091
2266093
2266094
2266095
2266096
2266103
2266104
2266105
2266106
2266108
2266112
2266114
2266115
2266118
2266123
2266124
2266131
2266134
2266137
2270270
2270305
2270307
2270311
2270313
2270317
2270328
2270341
2270347
2270348
2270351
2270354
2270357
2270363
2270365
2270373
2270375
2270377
2270382
2270384
2270385
2270390
2270391
2270392
2270394
2270395
2270396
2270397
2270408
2270409
2270412
2270413
2270417
2271418
2271426
2271428
2271435
2271437
2271453
2271454
2271458
2271472
2271474
2271478
2271487
2271491
2271495
2271498
2271500
2271507
2271508
2271509
2271511
2271515
2271518
2271519
2271520
2271523
2271531
2271535
2271540
2271541
2271547
2271548
2271551
2271554
2271555
2271565
2271573
2271575
2271584
2274064
2274071
2274090
2274102
2274104
2274106
2274112
2274114
2274126
2274132
2274136
2274142
2274145
2274155
2274169
2274177
2274182
2274184
2274185
2274186
2274187
2274191
2274192
2274199
2274206
2274212
2274220
2274222
2274228
2274880
2274959
2274960
2274961
2274978
2274981
2274983
2274984
2274988
2311708
2312705
2313517
2313888
2313890
2314446
2314453
2314454
2314917
2314921
2314922
2314923
2315102
2315578
2315582
2315584
2315585
2315853
2315854
2317302
2318979
2318985
2318986
2319160
2319222
2319455
2380255
2432926
2432927
2432930
2432932
2432934
2432936
2432939
2432940
2432950
2432958
2432966
2432970
2502207
2531393
2549497
2590890
2590892
2593424
2593568
2601983
2601984
2602090
2602181
2602186
2602188
2602201
2602202
2602209
2602219
2602220
2602224
2602225
2602237
2602239
2602241
2602242
2602244
2602249
2602253
2602265
2602269
2603899
2603901
2603961
2603972
2603974
2603978
2603981
2603990
2603993
2604009
2604013
2604018
2604020
2604022
2604027
2604033
2604035
2604057
2604058
2604995
2605005
2605017
2606722
2606727
2608641
2608642
2608644
2608648
2608660
2608662
2608665
2608666
2608669
2608673
2608690
2608692
2608696
2608697
2608698
2608700
2608701
2608705
2608706
2608707
2608709
2608715
2608719
2608721
2608723
2608726
2608728
2608734
2608740
2608745
2608746
2608752
2608755
2608757
2608759
2608762
2608763
2608767
2608769
2608770
2608771
2608772
2608775
2608778
2608780
2608783
2608785
2608786
2608788
2608789
2608790
2608792
2608794
2608797
2608813
2608816
2608819
2608825
2608826
2608834
2608840
2608841
2608845
2608848
2608850
2608852
2610088
2611606
2611618
2611629
2611634
2611979
2611982
2611984
2611986
2611991
2611994
2611996
2612004
2612007
2612009
2612016
2612025
2612026
2612027
2612028
2612030
2612031
2612034
2612038
2612048
2612055
2612056
2612061
2612063
2612065
2612068
2612069
2612070
2612073
2612076
2612079
2612081
2612085
2612087
2612094
2612095
2612096
2612101
2612108
2612109
2612117
2612118
2612125
2612129
2612134
2612135
2612136
2612138
2612140
2612141
2612142
2612147
2612148
2612150
2612151
2612152
2612155
2612157
2612162
2612164
2612166
2615421
2615429
2615436
2615440
2615441
2615446
2615815
2615819
2615823
2615827
2615835
2615836
2615841
2615843
2615848
2615851
2615852
2615853
2615864
2615866
2615871
2615875
2615876
2615878
2615879
2615880
2615884
2615887
2615890
2615892
2615897
2615901
2615902
2615903
2615907
2615908
2615909
2615912
2615915
2615918
2615919
2615923
2615925
2615929
2615930
2615933
2615939
2615941
2615946
2615947
2615950
2615951
2615955
2615958
2615960
2615961
2615966
2615973
2615978
2615979
2615987
2615994
2616000
2616001
2616003
2616005
2616006
2617979
2617981
2617983
2617984
2617987
2617988
2617989
2617999
2618000
2618008
2618009
2618012
2618015
2618019
2618020
2618022
2618025
2618027
2618028
2618031
2618033
2618035
2618040
2618044
2618045
2618046
2618049
2618051
2618053
2618054
2618060
2618063
2618065
2618069
2618072
2618073
2618075
2618079
2618085
2618093
2618101
2618106
2618112
2618113
2618114
2618116
2618119
2618120
2618121
2618124
2618128
2618132
2618143
2618144
2618145
2618148
2618152
2618153
2618166
2618168
2618169
2618173
2618174
2618176
2618177
2618179
2618184
2620844
2623711
2623713
2624112
2624114
2624115
2624118
2624122
2624123
2624134
2624136
2624141
2624151
2624152
2624154
2624155
2624157
2624159
2624163
2624164
2624166
2624167
2624169
2624174
2624175
2624179
2624180
2624181
2624184
2624187
2624188
2624192
2624195
2624197
2624201
2624203
2624206
2624212
2624217
2624218
2624223
2624224
2624230
2624233
2624236
2624239
2624240
2624248
2624250
2624252
2624254
2624255
2624256
2624260
2624261
2624263
2624265
2624266
2624274
2624275
2624281
2624283
2624284
2624288
2624290
2624292
2624293
2624296
2624297
2624303
2624305
2624308
2624309
2624312
2626404
2626411
2626428
2626433
2626472
2626488
2626491
2626498
2626505
2626508
2626523
2626525
2626532
2626538
2631005
2631009
2631010
2631011
2631012
2631022
2631027
2631045
2631046
2631052
2631056
2631058
2631062
2631067
2631073
2631074
2631075
2631083
2631093
2631095
2631096
2631097
2631098
2631100
2631101
2632153
2632160
2632161
2632167
2632170
2632193
2632231
2632233
2632234
2632240
2632250
2632251
2632252
2632255
2632256
2632262
2632264
2632268
2632271
2632272
2632274
2632276
2632279
2632292
2632296
2632304
2632306
2632308
2632314
2632316
2632318
2632319
2632320
2632327
2632332
2632333
2632335
2632340
2632345
2632352
2632353
2632365
2632366
2632367
2632373
2632375
2632380
2632384
2632387
2632391
2632406
2632413
2632418
2632423
2632426
2632431
2632432
2632436
2632956
2632983
2632985
2632991
2632998
2637321
2637360
2637367
2637514
2637528
2637584
2637595
2637744
2637746
2637748
2637752
2637757
2637951
2638312
2638314
2638323
2638328
2647233
2647234
2647235
2647238
2647256
2647259
2647268
2647270
2647720
2647723
2647727
2647731
2647742
2647748
2647750
2647753
2647766
2647768
2647772
2647780
2647781
2647784
2647794
2647798
2647804
2647814
2647822
2647826
2647829
2657593
2657605
2657606
2659612
2660540
2660543
2660554
2660990
2661065
2661076
2666663
2666666
2666678
2666680
2667137
2667155
2667165
2667175
2667181
2668001
2668019
2668048
2668051
2674486
2674487
2674488
2675864
2679078
2679079
2679086
2682880
2691159
2698001
2703926
2704083
2705812
2706119
2709460
2718573
2722925
2722926
2722929
2722932
2722937
2723033
2723034
2725808
2729433
2729435
2729443
2729449
2729577
2729580
2735522
2736060
2736599
2736600
2736608
2736612
2736614
2736620
2736627
2736629
2736630
2736632
2736634
2736635
2736636
2736639
2789384
2789387
2789420
2789421
2789430
2789944
2791381
2791506
2791778
2791783
2791786
2791808
2791833
2791861
2791877
2792965
2792976
2794761
2794807
2794882
2795547
2795554
2795797
2795811
2795813
2795827
2796553
2796754
2796874
2796888
2796892
2796902
2796905
2796913
2798622
2798837
2799026
2799147
2799539
2799563
2799572
2799573
2799576
2799580
2799616
2799617
2799624
2801757
2802102
2802120
2802431
2802480
2802486
2803407
2803535
2803547
2803583
2804105
2804788
2805082
2805173
2805175
2805186
2805196
2805646
2805653
2805743
2805978
2805982
2805992
2806401
2806529
2819531
2819534
2854247
2854270
2855887
2855920
2869960
2870005
2872513
2873867
2873870
2874208
2874248
2874288
2878469
2879230
2879235
2879245
2884320
2884346
2884360
2886213
2889768
2896891
2929483
2930785
2931751
2933396
2975722
2979682
2979690
2980808
2986193
2986344
3013292
3015245
3018463
3019473
3020638
3021600
3021669
3021702
3022670
3026985
3028652
3028668
3028970
3033821
3033839
3034223
3034230
3034244
3034282
3034310
3034343
3034389
3034402
3034428
3036886
3037071
3038341
3038638
3038647
3038659
3038722
3042747
3043816
3044784
3045695
3046230
3046289
3046295
3047546
3052157
3053969
3058995
3059806
3059876
3060654
3064276
3064302
3069636
3069663
3069860
3070006
3070110
3074446
3075666
3075772
3078579
3081080
3081104
3081125
3081163
3081172
3081175
3081178
3081186
3081188
3081194
3081234
3081256
3081258
3081266
3081273
3081274
3081306
3081307
3081329
3081334
3081348
3081363
3081368
3081400
3081403
3081411
3081412
3084887
3084892
3088467
3088828
3088865
3091558
3091781
3091805
3092537
3092579
3095013
3095212
3095215
3095545
3095562
3095574
3095575
3095584
3095585
3095600
3095601
3095610
3095612
3096055
3096056
3096058
3096059
3096077
3096078
3096437
3096438
3096468
3098195
3107771
3128517
3134243
3134262
3134281
3134305
3134329
3134353
3134359
3134365
3134371
3135140
3135171
3135201
3135274
3135286
3135304
3135335
3135370
3135382
3135396
3135403
3135421
3135451
3135463
3135469
3135500
3138416
3138422
3138470
3138476
3138482
3138507
3138526
3148446
3148631
3149944
3150294
3151635
3152010
3152023
3152033
3152039
3152042
3152092
3152271
3152302
3153843
3184080
3185986
3186012
3187556
3187771
3187954
3194265
3204057
3207223
3211507
3211625
3213162
3217307
3218586
3220015
3220302
3225106
3225400
3228682
3228934
3229016
3229117
3229806
3229879
3230088
3230242
3230284
3230595
3230721
3230857
3231546
3231595
3240787
3240794
3240808
3240829
3240899
3240971
3241062
3241076
3243570
3243937
3244878
3255717
3255836
3255878
3255984
3256705
3256803
3258349
3258459
3258466
3258634
3258641
3275806
3275827
3276071
3276232
3276253
3276309
3276365
3276406
3276574
3276686
3276909
3277000
3277028
3277035
3277049
3277462
3277476
3277483
3277546
3277553
3277560
3277567
3277728
3277770
3277868
3278022
3278920
3279865
3280236
3280726
3284633
3285130
3285165
3285900
3287286
3287909
3288909
3289259
3294172
3294557
3295572
3296742
3297203
3297343
3297462
3297749
3298350
3299498
3299505
3300030
3303924
3303959
3303973
3304001
3304132
3304230
3304376
3305056
3305326
3305340
3305473
3305648
3305900
3305942
3306342
3306356
3306496
3307068
3307124
3307535
3307822
3309703
3314212
3314540
3314547
3314574
3314700
3314931
3315720
3315825
3315950
3316117
3316296
3316394
3316597
3327628
3364616
3364655
3399002
3399008
3399068
3399135
3399156
3399262
3399269
3399339
3399377
3402443
3403346
3435014
3435294
3438891
3443225
3443229
3443245
3444366
3444406
3444476
3444644
3444686
3444781
3449481
3449503
3449797
3450658
3450707
3453178
3453191
3453460
3471008
3483888
3484327
3486114
3491405
3519003
3537338
3564647
3564693
3602656
3609134
3621193
3621235
3623980
3624191
3624425
3624433
3624440
3624447
3624454
3624503
3624510
3624517
3624573
3625129
3626890
3654756
3654889
3655008
3655387
3655517
3655923
3656397
3656667
3656928
3658162
3658559
3661156
3661280
3661347
3661587
3662599
3663577
3663670
3663714
3663876
3663880
3663884
3663885
3663886
3663887
3663888
3666093
3666096
3666097
3666115
3666116
3691177
3700626
3707143
3707279
3718892
3719038
3720061
3731046
3734689
3751439
3755225
3755287
3756106
3756116
3757845
3759689
3759791
3759881
3759891
3759901
3760067
3762401
3762406
3763243
3763358
3763393
3763414
3763421
3763435
3763442
3763524
3763573
3763597
3763609
3763722
3763725
3765461
3765875
3876436
3915351
4029550
4030582
4030609
4030786
4045415
4049822
4050434
4050685
4061635
4061642
4061649
4061663
4061684
4061831
4061852
4062052
4062080
4062094
4062101
4062150
4062192
4062256
4062305
4062340
4272948
4272959
4272962
4272963
4273094
4273114
4273134
4273136
4273165
4273177
4273179
4273188
4273212
4273243
4273261
4273299
4273310
4273335
4273356
4273361
4273365
4273387
4273417
4273421
4273428
4273446
4273461
4273467
4273483
4273486
4273512
4273544
4273551
4273567
4273589
4273591
4273670
4273698
4273769
4273845
4273848
4273854
4273858
4273889
4273931
4273944
4273968
4274000
4274007
4274009
4274042
4274053
4274054
4274057
4274058
4274085
4274140
4274141
4274143
4274163
4274188
4274194
4274219
4274220
4274250
4274256
4274288
4274393
4274400
4274424
4274469
4274476
4274512
4274679
4274748
4274751
4274764
4274963
4274983
4275014
4275039
4275051
4275077
4275080
4275099
4275138
4275144
4275211
4275218
4275237
4572513
4579962
4579963
4580051
4580062
4580117
4580193
4580797
4731990
4740507
4751425
4752240
4754588
4806045
4811342
4811453
4813784
4814118
4817480
4817702
4817716
4839505
4937910
4989664
4989724
4989769
4989934
4990172
4990247
4990337
4990622
4990682
4990697
4990787
4990922
4990952
4991042
4991072
4991102
4991464
4991530
4991560
4991694
4991828
4992502
5000171
5015171
5015375
5015899
5016113
5016573
5048514
5059615
5061031
5066733
5076127
5079568
5079588
5082190
5084713
5086069
5087179
5087447
5088405
5090856
5091448
5091468
5091488
5092921
5094277
5096572
5096944
5097038
5098539
5098591
5098799
5099120
5099353
5100282
5106389
5119068
5157079
5172811
5173230
5173695
5173836
5173988
5176507
5178779
5179475
5180667
5180811
5180935
5181198
5184762
5185094
5185840
5198361
5199439
5205641
5209942
5213511
5228757
5231807
5266263
5266314
5277009
5277038
5277110
5277199
5286130
5286255
5286414
5286584
5286863
5287020
5287058
5287322
5287618
5288117
5294189
5295419
5307616
5307686
5307718
5307802
5307810
5307866
5307882
5307898
5307914
5307999
5308035
5308112
5308120
5308329
5308353
5308377
5308409
5308539
5308555
5308616
5308779
5308961
5309012
5309046
5309230
5309350
5309587
5311625
5311713
5311817
5311913
5316705
5318268
5343291
5343360
5346336
5346378
5346483
5346546
5346567
5346581
5346628
5358285
5358390
5362860
5362916
5377526
5402139
5403825
5403829
5403920
5404350
5404366
5404374
5404382
5404428
5404491
5404555
5404685
5404770
5405618
5405940
5406071
5406159
5406173
5406187
5406692
5406788
5406900
5407196
5407236
5407530
5407624
5407676
5407715
5407773
5407895
5408204
5408316
5408468
5408740
5408890
5408898
5409023
5409047
5409123
5409169
5410337
5410364
5411056
5411104
5411224
5411272
5411280
5411296
5411384
5411472
5411488
5411496
5411623
5411639
5411684
5412121
5412147
5412902
5414244
5414341
5414359
5414391
5414407
5414455
5414471
5414479
5414487
5414511
5414527
5414535
5414563
5414591
5414619
5414633
5417439
5417533
5418628
5419427
5419441
5420403
5421545
5422225
5422545
5425449
5425455
5425461
5425466
5431779
5434572
5434583
5444683
5445004
5448710
5448716
5448731
5448743
5448751
5449040
5449043
5449632
5449634
5449655
5449988
5450049
5450234
5450971
5451005
5451007
5451015
5451564
5452840
5453534
5455007
5455021
5455077
5455091
5455112
5455147
5455154
5455161
5455168
5455196
5455203
5455238
5455280
5455294
5455406
5455427
5455476
5455497
5455518
5455563
5455615
5455629
5455643
5455711
5455751
5455805
5455829
5455836
5455866
5458603
5458655
5459216
5460585
5460906
5460932
5461302
5461305
5461444
5461489
5461749
5461860
5462438
5462560
5462700
5463656
5463664
5467210
5468345
5619103
5622081
5624415
5625753
5625795
5625801
5625816
5625817
5642911
5643764
5643777
5651917
5652031
5652850
5652888
5653505
5662027
5662045
5667922
5668004
5668013
5668022
5668047
5668056
5668152
5668161
5668223
5668232
5668446
5668468
5672709
5672727
5672736
5672751
5672759
5672775
5675061
5675227
5744573
5759090
5759093
5759096
5759103
5759106
5759109
5759112
5759198
5759376
5759407
5760281
5760289
5760327
5760365
5760373
5760381
5760397
5760405
5760421
5760444
5760452
5760460
5760468
5760476
5761424
5763492
5763880
5763895
5764008
5764093
5764101
5764236
5764276
5764291
5764312
5769214
5769225
5769236
5769280
5769291
5769312
5769314
5769346
5769357
5769381
5769455
5769496
5769507
5769522
5769543
5769583
5769638
5769650
5769662
5769780
5769791
5769892
5769904
5769915
5769936
5769947
5769958
5769969
5770051
5770244
5770265
5770326
5770338
5770439
5770509
5770531
5770542
5770553
5770564
5770575
5770655
5770666
5770738
5770793
5770805
5770856
5770868
5770972
5770983
5771004
5771066
5771099
5771111
5771122
5771153
5771203
5771242
5771253
5771318
5771380
5771401
5771475
5771486
5771517
5771587
5771598
5771620
5771709
5771720
5771731
5771742
5771762
5771784
5771795
5771807
5771888
5771911
5771922
5771944
5771956
5772028
5772039
5772050
5772297
5772318
5772364
5772378
5772400
5772840
5773119
5785348
5786255
5786277
5786310
5786337
5786355
5786471
5786516
5786672
5786683
5786694
5786705
5786753
5786778
5786866
5786878
5786959
5787006
5787079
5787090
5787101
5787140
5787246
5787297
5787366
5787520
5787532
5787653
5787691
5787702
5787713
5787732
5787928
5787939
5787960
5787971
5787982
5787993
5788014
5788035
5788057
5788068
5788079
5788090
5788101
5788123
5788134
5788216
5788273
5788318
5788329
5788340
5788362
5788408
5788468
5788513
5788524
5788552
5788756
5788773
5789035
5791067
5792958
5793038
5793191
5796122
5802813
5809473
5809520
5815178
5815194
6008836
6013899
6044078
6097680
6099755
6100094
6105727
6109123
6109783
6109789
6121802
6124262
6124287
6130048
6137374
6137475
6137565
6138729
6140135
6140144
6149378
6149616
6150359
6150641
6150712
6150809
6151137
6151546
6152848
6154914
6155761
6156213
6159399
6159866
6160221
6160384
6164068
6164410
6170438
6207382
6207799
6208420
6215068
6216247
6218124
6219710
6221849
6224186
6224333
6237125
6237838
6239720
6241895
6250112
6250143
6250152
6250568
6254499
6254678
6254895
6261542
6264503
6264515
6266654
6266666
6266727
6288185
6288660
6288692
6289089
6289370
6289584
6290165
6290175
6290556
6290610
6291200
6291432
6291452
6291550
6291632
6291894
6291913
6292082
6292257
6292372
6292404
6292420
6292441
6306792
6308484
6308508
6308554
6308650
6308766
6308777
6308840
6308889
6308919
6308960
6308966
6308980
6309063
6309111
6309202
6309217
6309223
6309264
6309285
6309470
6309530
6309536
6309542
6309594
6309667
6309924
6310100
6310140
6310186
6310266
6310286
6310404
6316264
6316297
6316327
6316378
6316435
6317031
6317147
6317161
6317221
6320593
6320635
6323675
6323739
6323839
6323888
6324047
6324283
6324305
6324358
6324562
6324577
6324840
6324983
6325046
6325180
6325362
6325376
6325591
6325614
6325662
6325720
6325741
6325760
6325930
6326048
6326237
6326246
6326280
6326375
6326381
6326456
6326462
6326468
6326474
6326512
6326661
6326762
6326768
6326867
6327182
6327358
6335339
6335415
6335434
6335459
6335518
6335560
6335562
6335606
6335615
6335624
6335641
6335650
6335659
6335668
6335677
6335686
6335705
6335714
6335731
6335740
6335749
6335769
6335780
6335789
6335840
6335889
6338329
6356686
6357225
6358207
6361438
6383033
6383133
6396844
6418366
6421688
6500260
6500467
6505721
6506181
6506183
6506187
6506189
6506191
6506193
6506195
6506198
6506203
6506208
6506213
6506220
6506223
6506225
6506227
6506236
6506242
6506244
6506246
6508039
6519793
6532760
6532762
6532764
6532766
6532778
6532780
6532782
6532791
6532793
6532795
6532797
6532800
6532802
6532808
6532813
6532816
6532834
6532846
6532849
6532857
6532861
6532864
6532866
6532868
6532871
6532875
6532883
6532885
6532887
6532890
6532892
6532894
6532896
6532905
6532907
6532912
6532917
6532920
6532922
6572114
6791627
6791635
6791926
6792157
6793481
6793764
6794004
6794562
6794569
6794920
6795101
6813537
6820159
6821391
6823324
6832128
6832141
6832155
6832218
6832233
6832243
6832335
6832361
6832400
6832455
6832519
6832528
6832596
6832618
6832659
6832668
6832716
6832786
6832840
6832843
6832887
6832907
6832973
6832980
6832985
6833008
6833022
6833024
6833053
6833170
6833193
6833197
6833200
6833204
6833207
6833249
6833324
6833358
6833374
6833490
6833543
6833606
6833694
6833740
6833766
6833779
6834000
6834059
6834113
6834122
6834136
6834153
6834157
6834172
6834182
6834202
6834228
6834236
6834243
6834301
6834311
6834322
6834376
6834398
6834405
6834567
6834652
6834679
6834704
6834723
6834747
6834913
6835062
6835096
6835962
6836046
6836116
6836130
6836425
6836453
6874332
6874382
6874398
6874535
6874558
6874564
6874585
6874696
6874699
6874732
6874771
6874819
6874828
6874848
6874857
6874867
6874875
6874877
6874899
6874915
6874925
6874928
6874935
6874937
6874946
6874975
6874991
6874994
6874997
6875007
6875014
6875020
6875036
6875039
6875046
6875055
6875066
6875095
6875106
6875112
6875125
6875150
6875163
6875166
6875223
6875232
6875241
6875253
6889318
6889439
6889449
6916644
6917633
6917726
6918297
6918327
6918373
6918439
6918495
6918563
6918611
6918749
6918787
6918832
6918849
6918852
6918861
6918998
6919030
6919073
6919265
6919307
6933664
6933689
6933703
6933719
6933782
6933902
6933913
6933974
6934006
6934009
6940749
6940777
6940789
6940814
6940876
6940911
6941015
6941017
6941029
6941039
6968804
6968805
6969910
6969915
6969929
6969937
6970800
7046637
7046667
7050424
7050553
7050978
7051077
7051408
7052119
7052806
7052845
7053110
7053861
7053968
7054041
7054222
7055426
7055437
7055466
7055475
7055484
7055783
7056039
7056056
7056139
7056286
7056299
7056472
7056479
7056500
7056800
7056892
7056998
7057019
7057078
7057179
7057338
7057545
7059204
7059447
7059476
7061189
7061200
7155880
7158884
7169418
7177304
7177487
7177492
7177775
7177945
7177948
7177957
7234204
7234213
7234236
7234239
7234268
7234449
7234478
7234491
7234524
7234562
7234570
7234573
7234578
7234592
7234605
7234612
7234617
7234624
7234631
7234634
7234655
7234658
7234666
7234682
7234701
7234704
7234707
7234719
7234724
7234731
7234738
7234750
7234755
7234762
7234771
7234782
7234787
7234792
7234797
7234815
7234818
7234821
7234881
7235466
7235580
7235710
7306772
7306806
7306825
7306856
7320039
7320049
7320066
7320068
7320078
7320754
7321259
7321355
7321499
7321632
7321722
7321863
7323561
7323574
7323620
7323622
7323624
7323626
7339503
7447286
7474558
7608200
7621713
7621974
7621977
7621985
7621998
7622001
7622003
7622010
7622025
7731516
7731529
7836530
7891551
7892036
7892043
7892046
7892049
7907357
7907364
7907367
7907369
7907371
7907374
7907377
7907379
7907381
7907385
7907387
7914027
7914064
7924167
7924180
7924197
7924224
8040207
8040212
8040215
8041498
8041545
8041636
8041937
8041987
8042001
8042036
8042105
8042114
8042127
8042158
8042354
8042369
8042385
8042672
8042676
8042831
8042856
8042895
8051371
8063326
8063348
8063370
8063372
8063687
8063739
8063741
8063744
8063769
8063772
8063797
8076507
8076512
8076516
8076518
8076521
8076534
8076549
8076552
8076558
8076560
8076563
8076567
8076570
8076572
8076576
8076578
8076583
8076585
8076587
8076594
8076598
8076600
8076602
8076604
8076613
8076616
8076628
8076636
8076640
8076642
8076644
8076646
8076648
8085067
8085145
8085148
8089074
8089076
8089077
8089078
8091171
8092945
8098928
8098932
8098935
8098944
8098947
8098949
8098953
8098989
8098991
8098993
8098995
8098997
8098999
8099008
8099012
8099014
8099016
8099032
8099037
8099039
8099046
8099056
8099063
8099065
8099067
8099070
8103532
8103535
8104019
8104028
8104122
8104135
8105172
8105177
8105188
8114572
8114965
8121905
8121919
8133898
8134076
8138825
8142397
8156205
8171135
8172930
8172964
8174099
8175172
8175350
8177045
8178708
8179836
8183089
8183620
8185356
8187257
8187566
8210434
8210820
8211895
8220782
8220885
8221508
8265324
8419110
8424411
8434102
8442075
8452503
8765148
8789533
8798234
8799142
9732082
9736254
9736481
9737534
9737538
9737540
9737568
9737577
9737582
9737606
9737611
9737616
9739468
9739727
9748529
9748893
9753355
9763285
9765116
9769683
9770416
10275242
10276425
10393850
10397539
10397545
10397559
10397598
10397624
10397637
10400682
10400688
10400691
10400704
10400717
10400726
10400732
10400738
10401492
10402596
10404362
10404849
10405028
10410319
10869535
10884690
10885635
11469569
11603307
11636224
12067288
12172533
12216486
12216497
12219507
12223439
12224400
12225830
12229713
12229720
12229755
12229774
12230251
12239894
12240119
12240273
12242362
12242423
12243489
12243553
12245058
12245075
12245148
12245415
12245448
12245550
12245565
12245791
12246908
12247193
12247346
12247593
12247662
12247950
12247959
12248490
12248669
12248722
12248805
12249000
12249133
12249370
12259793
12259812
12260109
12260196
12260232
12264611
12264628
12264693
12264708
12264743
12266299
12266322
12266537
12266540
12266770
12266789
12266839
12266846
12266940
12370683
12370688
12371217
12371395
12371893
12372200
12372286
12372303
12372334
12372347
12372356
12372377
12372390
12372395
12372432
12372725
12381536
12381601
12381618
12381623
12381626
12381639
12381644
12381705
12534624
12544885
12544888
12544891
12544897
12544909
12544922
12544930
12544937
12544949
12544976
12544985
12545002
12545005
12545010
12545013
12545018
12545021
12545024
12545029
12545032
12545035
12545045
12545057
12545060
12545066
12545069
12545076
12545085
12545095
12545106
12545111
12545114
12545137
12545140
12545155
12545158
12545163
12545173
12545188
12545195
12545220
12545223
12545226
12545255
12545265
12545270
12545275
12545278
12545288
12545307
12545329
12545334
12545339
12545342
12545357
12545364
12545375
12545378
12545381
12545386
12545400
12545409
12545412
12545415
12545418
12545426
12545429
12545435
12545441
12545446
12545449
12545452
12545459
12545470
12545475
12545482
12545490
12545493
12545498
12545509
12545512
12545515
12545522
12545529
12545534
12545545
12545550
12545553
12545556
12545566
12545574
12545577
12545582
12545590
12545609
12545612
12545615
12545618
12545636
12545648
12545655
12545662
12545665
12545673
12545681
12545686
12545689
12545695
12545707
12545714
12566842
12566850
12566861
12566864
12566868
12566871
12566877
12566880
12566889
12566898
12566905
12566908
12566913
12566919
12566942
12566945
12566959
12566962
12566972
12566978
12566988
12566991
12567000
12567005
12567017
12567027
12567030
12567049
12567054
12567060
12567065
12567114
12567132
12567138
12567145
12567150
12567175
12567188
12567191
12567194
12567201
12567229
12567241
12567246
12567249
12567255
12567272
12567285
12567288
12567291
12567294
12567297
12567300
12567308
12567314
12567322
12567327
12567330
12567351
12567390
12567393
12567398
12567401
12567421
12567426
12567431
12567437
12567446
12573494
12597915
12602025
12602052
12602057
12602060
12602075
12602078
12612386
12621205
12625163
12639474
12639479
12642572
12650098
12650622
13012172
13178907
13179742
13184076
13184313
13184362
13184437
13184458
13184498
13184582
13184617
13184677
13184692
13184707
13184730
13184811
13184826
13184833
13184870
13184893
13184904
13184919
13184922
13184927
13184930
13184957
13184960
13185513
13185622
13185655
13192122
13192725
13192839
13192846
13192858
13192946
13193137
13193189
13196131
13196152
13196457
13196506
13196867
13197441
13217805
13248252
13248305
13248361
13248432
13248445
13248486
13248509
13248562
13248565
13248592
13248623
13248642
13248675
13248758
13248819
13248824
13248859
13249021
13249050
13249076
13249096
13249137
13249154
13249167
13249217
13249294
13249388
13249393
13249487
13249510
13249526
13249571
13249621
13249712
13249820
13249872
13249915
13249947
13249964
13250046
13250212
13250217
13250301
13250349
13250416
13250480
13250531
13250577
13250600
13250677
13250716
13250816
13250875
13250878
13250962
13251004
13251398
13251499
13251741
13287896
13291758
13296237
13304515
13304517
13338011
13338801
13346797
13550035
13567496
13567683
13568234
13568267
13568400
13569665
13574223
13574408
13574521
13574650
13575355
13577503
13577646
13602109
13602284
13618345
13618347
13618366
13624116
13656558
13659775
13666646
13667334
13667730
13667742
13667767
13667783
13667799
13667813
13667818
13744348
13832068
13832131
13832156
13832220
13832294
13832412
13832418
13832429
13832496
13832535
13832707
13832734
13832778
13832789
13833042
13833138
13833618
13833647
13833757
13833793
13833804
13833819
13833929
13833991
13834020
13834031
13834161
13834202
13834424
13834528
13834583
13834737
13834779
13834986
13835122
13835144
13835160
13835174
13835237
13835246
13835251
13835304
13835337
13835383
13835562
13835658
13835712
13835820
13835851
13835890
13835895
13835900
13835967
13836073
13836090
13836137
13836172
13836233
13836401
13836432
13836579
13836745
13836785
13837135
13837216
13837245
13837594
13837634
13837650
13837773
13837820
13837977
13838008
13838573
13839154
13839529
13840335
13840645
13840953
13841456
13841574
13842442
13842587
13842608
13842744
13843114
13843245
13843510
13843545
13843694
13843839
13843950
13844262
13845132
13845513
13845564
13845834
13846044
13846117
13846980
13853025
13853113
13853289
13868003
13868597
14028926
14028938
14029383
14029415
14029427
14030384
14030579
14040445
14040698
14048305
14049735
14049918
14062266
14067295
14114320
14153754
14157484
14157493
14157499
14157533
14157543
14157586
14157643
14157683
14157699
14157707
14157715
14157785
14157794
14157813
14157824
14157863
14157876
14157879
14157898
14157963
14157977
14158008
14158014
14158017
14158644
14158670
14164276
14164308
14164675
14164755
14164828
14166443
14168062
14176646
14176649
14176655
14495632
14496889
14496910
14496919
14496929
14496942
15536978
15545617
15703380
15733699
15733934
15734087
15734610
15735700
15737670
15737681
15737704
15738489
15738738
15740369
15901249
15901623
15903175
15918420
15919121
15961818
16163242
16168761
16168769
