637
932
993
1578
1797
2214
2996
3524
3528
3529
3532
3534
3536
3540
3557
3560
3577
3898
3964
3986
4019
4019
4080
4093
4281
4393
4577
4580
5113
5204
5208
5210
5301
5420
5505
5568
5590
5676
5800
5803
6241
6273
6359
6370
6373
6376
6446
6526
6576
6576
6639
6673
7217
7217
7290
7300
7311
7332
7343
7354
7364
7781
7939
8040
8126
8362
8471
8797
8853
8868
8906
8908
8912
8924
8977
8979
8994
9269
9410
9413
9430
9601
9652
9870
10095
11053
11071
11071
11251
11708
12267
13817
13979
14396
14447
14592
14787
14831
14969
15043
15210
15539
16730
16873
17024
17121
17447
18104
18215
18268
18513
18840
19021
19263
20034
21449
22798
28883
28886
28892
28895
28898
33817
35726
36510
36629
36681
37210
37219
37353
37401
37601
37805
37907
38122
38682
38815
38820
39628
39999
40181
40365
42390
42420
42619
42625
42628
42637
43047
44141
44397
44399
44417
44435
44618
44808
44819
45266
45368
45647
45768
45773
45778
46091
46124
46131
46283
46533
46536
46663
46670
47293
47302
47308
47312
47315
47337
47340
47347
47359
47363
47368
47376
47379
47383
47391
47403
47406
47406
47409
47413
47416
47419
47423
47427
47435
47439
47443
47451
47455
47459
47474
47481
47485
47489
47492
47495
47498
47505
47508
47511
47514
47517
47520
47523
47539
47550
47554
47562
47562
47562
47569
47574
47578
47582
47586
47591
47595
47599
47603
47606
47610
47618
47626
47630
47648
47651
47670
47675
47683
47690
47694
47698
47702
47706
47716
47720
47724
47728
47732
47751
47755
47758
47762
47767
47771
47775
47779
47782
47786
47793
47797
47804
47807
47811
47811
47811
47815
47818
47821
47825
47832
47842
47845
47853
47857
47861
47876
47879
47883
47890
47894
47898
47902
47910
47915
47919
47927
47931
47939
47943
47951
47959
47963
47972
47976
47988
47995
47999
48007
48011
48022
48026
48033
48037
48040
48046
48049
48053
48057
48061
48073
48082
48089
48092
48096
48099
48106
48114
48117
48121
48125
48128
48136
48139
48139
48143
48153
48156
48159
48167
48171
48175
48187
48206
48212
48218
48228
48231
48237
48247
48250
48253
48256
48262
48265
48271
48274
48277
48284
48288
48294
48301
48305
48309
48321
48321
48329
48332
48336
48339
48342
48349
48357
48361
48365
48372
48375
48378
48388
48391
48391
48394
48398
48398
48398
48402
48406
48409
48413
48417
48421
48425
48429
48436
48443
48454
48469
48473
48481
48484
48488
48492
48498
48508
48512
48523
48534
48538
48542
48548
48552
48562
48566
48570
48573
48576
48580
48584
48588
48595
48606
48610
48613
48620
48624
48628
48632
48635
48639
48643
48647
48651
48667
48674
48678
48681
48685
48692
48696
48700
48715
48722
48726
48734
48738
48750
48757
48763
48766
48770
48774
48787
48790
48798
48802
48802
48805
48809
48809
48813
48825
48828
48832
48835
48839
48846
48850
48854
48866
48881
48884
48887
48897
48905
48908
48911
48915
48918
48921
48929
48933
48938
48942
48949
48953
48957
48957
48960
48964
48968
48979
48983
48995
48999
49003
49003
49007
49014
49026
49033
49041
49048
49055
49063
49063
49066
49074
49081
49084
49084
49084
49092
49096
49106
49113
49127
49134
49145
49149
49156
49160
49164
49168
49175
49186
49189
49197
49201
49209
49212
49222
49226
49234
49241
49248
49251
49255
49263
49267
49271
49277
49284
49288
49292
49299
49303
49306
49337
49341
49345
49353
49361
49361
49368
49371
49375
49382
49386
49390
49410
49414
49421
49424
49437
49441
49448
49452
49463
49466
49470
49476
49479
49479
49483
49494
49505
49515
49525
49533
49536
49539
49539
49542
49550
49553
49561
49569
49573
49581
49585
49588
49603
49607
49611
49614
49618
49625
49628
49632
49635
49639
49643
49647
49659
49674
49682
49686
49690
49694
49698
49706
49709
49717
49723
49730
49730
49774
49778
49782
49786
49789
49789
49792
49800
49804
49810
49817
49821
49836
49839
49845
49852
49859
49863
49874
49878
49884
49892
49899
49906
49919
49954
49961
49965
49973
49984
49988
49991
49999
50007
50010
50017
50021
50034
50037
50048
50062
50077
50092
50095
50102
50106
50117
50121
50132
50136
50140
50140
50156
50167
50174
50178
50195
50201
50209
50217
50220
50223
50235
50235
50243
50247
50251
50262
50280
50284
50292
50303
50311
50315
50329
50345
50352
50359
50366
50369
50381
50389
50403
50411
50419
50426
50434
50434
50438
50442
50457
50465
50486
50489
50503
50522
50528
50532
50550
50565
50569
50585
50607
50631
50638
50642
50646
50658
50665
50665
50669
50673
50689
50693
50705
50709
50712
50715
50730
50734
50738
50748
50770
50778
50782
50785
50789
50792
50815
50815
50841
50844
50855
50858
50858
50858
50877
50881
50885
50889
50897
50904
50912
50915
50915
50926
50938
50942
50953
50968
50976
50980
50991
50994
51001
51005
51009
51013
51017
51017
51020
51023
51027
51044
51047
51051
51062
51066
51070
51073
51081
51085
51092
51096
51100
51104
51115
51119
51125
51133
51155
51158
51161
51164
51168
51171
51181
51188
51247
51251
51254
51269
51273
51276
51295
51298
51310
51330
51333
51336
51342
51358
51367
51391
51397
51486
51490
51590
52102
52288
52292
52340
52616
52728
52840
52958
53464
53885
54280
54341
55168
55385
55445
55463
55556
55601
55941
55944
55948
55963
55967
55971
56009
56013
56019
56023
56027
56031
56035
56039
56042
56046
56050
56054
56062
56066
56085
56089
56093
56104
56108
56113
56125
56129
56134
56138
56142
56152
56161
56165
56177
56185
56193
56200
56203
56210
56218
56222
56230
56246
56251
56255
56259
56263
56267
56271
56283
56291
56298
56307
56314
56318
56322
56327
56331
56336
56340
56347
56351
56355
56359
56363
56368
56372
56376
56380
56384
56388
56392
56400
56413
56417
56421
56425
56428
56431
56442
56445
56449
56453
56458
56462
56473
56477
56481
56485
56489
56496
56502
56506
56510
56521
56525
56531
56535
56539
56543
56547
56555
56559
56563
56576
56589
56597
56601
56605
56609
56614
56618
56622
56631
56635
56641
56645
56649
56654
56659
56664
56668
56672
56676
56685
56689
56693
56699
56703
56715
56719
56723
56727
56731
56739
56743
56747
56751
56755
56767
56771
56779
56783
56791
56795
56804
56816
56820
56824
56828
56844
56848
56852
56856
56864
56872
56876
56884
56892
56900
56908
56912
56916
56924
56928
56932
56936
56940
56948
56956
56960
56972
56977
56993
57001
57005
57009
57017
57025
57029
57033
57037
57045
57053
57057
57061
57074
57078
57078
57090
57102
57110
57122
57127
57131
57135
57143
57155
57163
57171
57175
57183
57187
57191
57195
57199
57203
57215
57223
57227
57243
57247
57256
57264
57272
57276
57280
57288
57292
57304
57308
57312
57320
57324
57328
57332
57336
57340
57340
57348
57352
57360
57364
57368
57376
57380
57384
57397
57397
57401
57405
57417
57429
57445
57449
57453
57457
57465
57465
57477
57481
57485
57493
57497
57513
57517
57525
57529
57533
57537
57541
57545
57549
57553
57557
57561
57581
57597
57601
57605
57609
57613
57617
57637
57641
57653
57673
57677
57681
57685
57689
57697
57710
57714
57722
57726
57730
57734
57742
57750
57758
57770
57778
57786
57822
57834
57838
57842
57854
57858
57870
57874
57878
57882
57886
57894
57914
57914
57922
57934
57942
57946
57954
57970
57982
57982
57986
57990
58014
58030
58034
58038
58046
58050
58058
58066
58070
58083
58083
58095
58107
58115
58131
58135
58151
58159
58163
58191
58203
58211
58219
58227
58247
58255
58259
58271
58279
58287
58295
58295
58299
58311
58319
58323
58339
58343
58351
58371
58383
58391
58395
58399
58403
58403
58407
58447
58463
58471
58479
58487
58500
58520
58548
58552
58576
58580
58593
58601
58605
58626
58634
58642
58662
58666
58678
58682
58702
58714
58730
58738
58746
58750
58754
58778
58790
58798
58806
58814
58822
58830
58838
58842
58846
58850
58858
58870
58886
58890
58894
58910
58914
58930
58950
58982
58986
58990
59006
59022
59034
59050
59058
59070
59078
59086
59098
59102
59122
59138
59146
59154
59166
59182
59254
59338
59378
60594
60818
60898
60902
60906
60914
60924
60948
60952
60959
60990
60993
61023
61050
61054
61065
61077
61082
61086
61100
61104
61128
61136
61140
61148
61156
61160
61168
61172
61176
61180
61192
61204
61208
61216
61228
61232
61236
61240
61254
61259
61267
61271
61275
61280
61284
61288
61296
61303
61306
61311
63220
66700
74827
115978
116010
116106
116138
116273
116403
116498
116514
117737
126090
126370
126698
127377
128608
130172
131267
134369
135104
135104
165669
165706
165840
166066
166069
169663
169684
170561
170564
170568
170576
170579
170593
170596
170601
170608
170611
170619
170628
170632
170636
170640
170659
170671
170675
170691
170695
170699
170715
170726
170729
170741
170744
170755
170759
424539
427891
428104
428561
430015
564279
564300
564303
564306
568234
774113
774167
774860
776650
776653
776656
776659
776680
776692
776728
776737
776749
776752
776761
776779
776782
776785
782148
786522
788367
792992
793516
793519
794991
795247
795778
798621
798673
799297
799312
799338
800014
801897
801900
801903
802053
827802
827959
828258
828273
828288
829117
829131
829656
837726
837773
837829
838379
839070
839487
843606
843707
852936
852974
853064
853114
856359
856397
856435
856544
856582
856691
856812
856850
857369
857826
857865
858273
858377
858415
858453
858628
858654
858693
858764
858873
858947
859029
859068
859106
859324
859362
859623
859661
859699
859770
859808
859918
859956
859992
860138
860345
860641
860705
860764
860823
860954
860954
860980
861115
861141
861179
861213
861291
861344
861423
861549
861589
861679
861680
861719
861790
861862
861900
861938
862042
862080
862151
862189
862227
862365
862403
862593
862712
862828
862866
863054
863093
863235
863311
863312
863473
863511
863549
863575
863613
863689
863727
863765
863803
863841
863880
863918
863956
864033
864072
864110
864186
864224
864364
864734
864886
865187
865246
865350
865497
865536
865574
865688
865796
865872
865910
866019
866090
866116
866117
866194
866232
866379
866417
866417
866455
866784
866954
866988
867132
867170
867279
867317
867343
867419
867457
867648
867686
867750
867826
867902
867978
868016
868056
868259
868297
868407
868445
868521
868598
868713
868789
868865
868903
868903
868929
868994
869250
869288
869402
869565
869687
869763
869839
869992
870030
870068
870402
870493
870531
870771
870797
870835
870911
871041
871193
871305
871420
871688
871790
871828
871866
872094
872284
872424
872728
872766
872804
872842
872914
872991
873265
873303
873329
873367
873519
873780
873826
874181
874219
874404
874518
874670
874746
874860
875052
875090
875128
875409
879752
889921
911097
911652
911795
911797
911807
917448
917452
917453
917455
917462
917463
917468
917469
917470
917471
917476
917481
917485
917488
917493
917494
917502
917506
917508
918917
918917
918939
918943
919368
919370
919378
919384
919392
919394
919401
922620
923430
926125
927559
938298
945076
945084
945084
945086
945087
945088
945090
945091
945092
945096
945115
945117
945667
945667
952993
965692
965695
965698
965704
965712
965716
965727
965732
965742
965743
965746
965747
965748
965750
965758
965763
965766
965772
965774
965782
965784
965789
965797
965807
965807
965814
965816
966915
966915
967691
967697
967699
967700
967709
967719
967723
967735
967742
967749
967753
967754
967755
967757
967764
968746
968747
968749
968754
968755
968757
968759
968764
968768
968785
968789
968790
968793
968806
968813
968815
968818
968831
968845
968857
968859
970535
970536
970543
970552
970565
971471
971901
972976
972989
973524
974277
974282
974289
974294
974308
974309
974332
974342
974344
974345
974347
974348
974350
974354
975104
975125
975149
975156
975159
975165
975183
975185
975189
975204
975204
975210
1028648
1038678
1041256
1041292
1041692
1042626
1076168
1076237
1173483
1173484
1173485
1182714
1182716
1182718
1182720
1182720
1182720
1182728
1182736
1182743
1182749
1182757
1182758
1182762
1182771
1182773
1182783
1262224
1285826
1368168
1368169
1368170
1368171
1368172
1368173
1368174
1368178
1368179
1368180
1369183
1369184
1369185
1404240
1404272
1404319
1404366
1404396
1404448
1404500
1404519
1525295
1600974
1600975
1600976
1600978
1600979
1600980
1601521
1625335
1625482
1625584
1625621
1625762
1655671
1746819
1779099
1794973
1796897
1797189
1797191
1797194
1803853
1810808
1810810
1810812
1823071
1823555
1823759
1825029
1825510
1826117
1829050
1829552
1829583
1829613
1829643
1829689
1829735
1830232
1830414
1830731
1830794
1831284
1831316
1831428
1832396
1832396
1833198
1833250
1833335
1833552
1833590
1833623
1833669
1833691
1837674
1837674
1837704
1837704
1837733
1837909
1837910
1837911
1837912
1837913
1837914
1837915
1837916
1838211
1838229
1838253
1838795
1839115
1839974
1931988
2153129
2153159
2153159
2153177
2153178
2153191
2153192
2153193
2153194
2153195
2153197
2153198
2153198
2153199
2153200
2153201
2153202
2241683
2241776
2241781
2241783
2241786
2241789
2241794
2241799
2241802
2241811
2241813
2241815
2241816
2241823
2241824
2262053
2262053
2262054
2262056
2262057
2262059
2262061
2262062
2262065
2262066
2262067
2262123
2262128
2262129
2262132
2262136
2262137
2262139
2262140
2262148
2262149
2262150
2262152
2262875
2262951
2262961
2262962
2262963
2262966
2262971
2262973
2262974
2262975
2262979
2262980
2262984
2262985
2262987
2262988
2262989
2262990
2262991
2262994
2262996
2264071
2264081
2264083
2264089
2264091
2264093
2264096
2264099
2264101
2264102
2264106
2264108
2264110
2264112
2264113
2264116
2265381
2265383
2265385
2265392
2265394
2265399
2265402
2265404
2265408
2265409
2265410
2265411
2265413
2265414
2265415
2265417
2265418
2265423
2265432
2265434
2265436
2265437
2265439
2265441
2266042
2266048
2266052
2266054
2266054
2266062
2266066
2266068
2266070
2266075
2266076
2266077
2266079
2266080
2266085
2266086
2266090
2266098
2266099
2266100
2266111
2266113
2266121
2266122
2266126
2266128
2266130
2266132
2270263
2270309
2270315
2270320
2270324
2270331
2270333
2270335
2270337
2270339
2270343
2270346
2270349
2270350
2270352
2270360
2270362
2270366
2270367
2270369
2270376
2270376
2270380
2270381
2270386
2270389
2270393
2270399
2270401
2270403
2270404
2270405
2270407
2270410
2270416
2270416
2271420
2271424
2271431
2271433
2271439
2271441
2271443
2271447
2271449
2271451
2271456
2271460
2271462
2271464
2271466
2271468
2271476
2271481
2271483
2271485
2271489
2271493
2271499
2271502
2271504
2271505
2271506
2271512
2271514
2271516
2271521
2271522
2271524
2271526
2271527
2271528
2271529
2271534
2271536
2271538
2271539
2271544
2271545
2271545
2271549
2271550
2271557
2271563
2271566
2271567
2271569
2271574
2271577
2271579
2271583
2271585
2274082
2274096
2274098
2274100
2274108
2274110
2274116
2274120
2274138
2274140
2274144
2274146
2274148
2274149
2274151
2274152
2274154
2274158
2274160
2274161
2274162
2274163
2274166
2274172
2274174
2274175
2274181
2274183
2274188
2274189
2274193
2274196
2274196
2274200
2274203
2274207
2274211
2274213
2274215
2274216
2274218
2274221
2274226
2274227
2274878
2274881
2274962
2274963
2274982
2274986
2274987
2274989
2275010
2275023
2313228
2313894
2313895
2313896
2314916
2315101
2315104
2315482
2315577
2315847
2315850
2315851
2315852
2315855
2318983
2319457
2319459
2323430
2323432
2323434
2381046
2387839
2432928
2432929
2432931
2432938
2432945
2432947
2432949
2432949
2432952
2432954
2432961
2432963
2432964
2432967
2432968
2432969
2515534
2515534
2536364
2549358
2590891
2598744
2601982
2601989
2602173
2602180
2602182
2602183
2602184
2602185
2602187
2602189
2602190
2602193
2602194
2602199
2602200
2602203
2602204
2602208
2602216
2602217
2602218
2602221
2602222
2602223
2602226
2602230
2602231
2602232
2602233
2602238
2602243
2602243
2602245
2602254
2602256
2602257
2602258
2602258
2602262
2602263
2602264
2602266
2602267
2602268
2602270
2602271
2603158
2603159
2603966
2603968
2603970
2603976
2603983
2603985
2603987
2603995
2604001
2604015
2604016
2604017
2604017
2604019
2604021
2604025
2604031
2604032
2604034
2604037
2604038
2604039
2604040
2604044
2604056
2604796
2604999
2605000
2605001
2605006
2605010
2605014
2605016
2605018
2605018
2605018
2605020
2605022
2605023
2605027
2605027
2605028
2605029
2605030
2605618
2606757
2606759
2606770
2606792
2607111
2607123
2607149
2608639
2608640
2608647
2608653
2608664
2608667
2608674
2608674
2608675
2608679
2608680
2608681
2608682
2608684
2608688
2608693
2608694
2608699
2608708
2608711
2608716
2608717
2608718
2608720
2608722
2608724
2608727
2608735
2608739
2608747
2608748
2608751
2608756
2608758
2608760
2608764
2608766
2608768
2608773
2608782
2608787
2608793
2608796
2608798
2608799
2608804
2608805
2608807
2608814
2608821
2608822
2608823
2608827
2608828
2608831
2608833
2608837
2608839
2608839
2608842
2608844
2608846
2608847
2608847
2608849
2611609
2611611
2611614
2611620
2611621
2611622
2611630
2611857
2611976
2611977
2611978
2611981
2611983
2611989
2611989
2611990
2611995
2611997
2611998
2612003
2612005
2612006
2612008
2612012
2612013
2612017
2612017
2612020
2612022
2612033
2612035
2612036
2612041
2612043
2612046
2612047
2612049
2612051
2612053
2612054
2612057
2612067
2612072
2612074
2612077
2612082
2612082
2612083
2612091
2612093
2612098
2612100
2612106
2612111
2612113
2612115
2612116
2612120
2612126
2612127
2612132
2612137
2612143
2612144
2612144
2612145
2612154
2612159
2612160
2612161
2612163
2612165
2612168
2612169
2615424
2615425
2615426
2615438
2615448
2615729
2615817
2615818
2615818
2615820
2615821
2615822
2615825
2615826
2615828
2615828
2615831
2615837
2615838
2615839
2615842
2615844
2615849
2615850
2615854
2615859
2615860
2615863
2615865
2615867
2615870
2615870
2615874
2615881
2615882
2615883
2615886
2615893
2615895
2615906
2615911
2615913
2615916
2615917
2615921
2615922
2615926
2615927
2615944
2615948
2615949
2615956
2615957
2615962
2615964
2615965
2615972
2615975
2615976
2615977
2615981
2615984
2615991
2615998
2616007
2617991
2617995
2617997
2618010
2618011
2618013
2618014
2618016
2618024
2618029
2618032
2618036
2618037
2618039
2618047
2618050
2618052
2618055
2618056
2618058
2618059
2618064
2618066
2618068
2618071
2618074
2618083
2618084
2618086
2618087
2618088
2618089
2618090
2618091
2618092
2618094
2618099
2618100
2618102
2618105
2618107
2618111
2618115
2618118
2618125
2618133
2618134
2618135
2618136
2618137
2618138
2618140
2618141
2618146
2618150
2618155
2618156
2618158
2618159
2618161
2618162
2618167
2618170
2618175
2618182
2618183
2618185
2620836
2620838
2620842
2623709
2623710
2623717
2624113
2624117
2624119
2624121
2624125
2624126
2624131
2624132
2624133
2624139
2624140
2624143
2624146
2624147
2624150
2624153
2624156
2624158
2624161
2624170
2624172
2624173
2624176
2624177
2624178
2624182
2624183
2624189
2624190
2624193
2624196
2624198
2624199
2624199
2624202
2624207
2624213
2624214
2624219
2624222
2624225
2624226
2624228
2624231
2624234
2624237
2624241
2624242
2624243
2624244
2624245
2624246
2624246
2624249
2624251
2624253
2624262
2624264
2624271
2624272
2624273
2624276
2624285
2624286
2624287
2624289
2624295
2624298
2624299
2624300
2624304
2624311
2626400
2626401
2626402
2626406
2626407
2626408
2626410
2626412
2626413
2626415
2626420
2626421
2626422
2626423
2626424
2626429
2626434
2626435
2626436
2626437
2626438
2626439
2626440
2626441
2626442
2626443
2626444
2626445
2626446
2626447
2626449
2626450
2626451
2626452
2626454
2626455
2626456
2626457
2626458
2626459
2626460
2626460
2626461
2626463
2626464
2626465
2626466
2626467
2626468
2626469
2626471
2626473
2626474
2626475
2626478
2626479
2626481
2626482
2626483
2626484
2626485
2626486
2626489
2626490
2626492
2626493
2626494
2626495
2626496
2626497
2626499
2626501
2626502
2626503
2626504
2626506
2626507
2626509
2626510
2626511
2626512
2626513
2626514
2626515
2626516
2626517
2626518
2626519
2626520
2626521
2626522
2626524
2626526
2626527
2626528
2626529
2626530
2626531
2626533
2626534
2626535
2626536
2626537
2626539
2626540
2626540
2626541
2626542
2626543
2626544
2626545
2626546
2626547
2626548
2626549
2626551
2626552
2626553
2626554
2626555
2626556
2630507
2630508
2630514
2630515
2630517
2630521
2631001
2631006
2631007
2631014
2631014
2631018
2631023
2631030
2631034
2631038
2631043
2631048
2631053
2631055
2631057
2631060
2631066
2631068
2631071
2631077
2631078
2631080
2631081
2631084
2631086
2631087
2631092
2631099
2631102
2631103
2632157
2632164
2632237
2632241
2632242
2632244
2632248
2632260
2632261
2632263
2632265
2632269
2632269
2632270
2632282
2632283
2632287
2632288
2632291
2632295
2632298
2632311
2632312
2632315
2632322
2632325
2632326
2632328
2632338
2632341
2632342
2632346
2632348
2632349
2632359
2632363
2632370
2632374
2632376
2632379
2632381
2632383
2632389
2632390
2632392
2632393
2632395
2632405
2632409
2632411
2632414
2632420
2632429
2632430
2632433
2632434
2632953
2632987
2632992
2632996
2632997
2637323
2637330
2637344
2637516
2637520
2637522
2637530
2637586
2637589
2637598
2637601
2637755
2637940
2637946
2637946
2638068
2638069
2638310
2638321
2638333
2638334
2638336
2638337
2638338
2638390
2642694
2647237
2647243
2647247
2647251
2647261
2647271
2647724
2647729
2647732
2647735
2647736
2647738
2647740
2647741
2647744
2647752
2647758
2647762
2647764
2647776
2647778
2647783
2647791
2647792
2647796
2647802
2647806
2647808
2647811
2647813
2647818
2647820
2647823
2647828
2648725
2651464
2657512
2657512
2657519
2657556
2657584
2657585
2657586
2657587
2657588
2657589
2657589
2657590
2657591
2657592
2657594
2657595
2657596
2657597
2657598
2657599
2657600
2657601
2657601
2657602
2657603
2657604
2657607
2657608
2657609
2657610
2659589
2659601
2659603
2659614
2659619
2659628
2660539
2660682
2660683
2660684
2666653
2667143
2668016
2668052
2674483
2679076
2679080
2679096
2679097
2691157
2697950
2703907
2718547
2720917
2722200
2722924
2722928
2722930
2722931
2722939
2722942
2723203
2728218
2729437
2729439
2729445
2729578
2735512
2735521
2736591
2736602
2736606
2736616
2736618
2751858
2758266
2762091
2768317
2779510
2789378
2789398
2789434
2789438
2789441
2789864
2791024
2791361
2791568
2791792
2791807
2795496
2795522
2795815
2796311
2796376
2796650
2796787
2796885
2796893
2796908
2798981
2799350
2799521
2799560
2799633
2799636
2799643
2801991
2802108
2802510
2803314
2803544
2803554
2805135
2805189
2805201
2805607
2805726
2805971
2806420
2806447
2819315
2819440
2819447
2819489
2819519
2854269
2855652
2855902
2855906
2869915
2869918
2869931
2869933
2869937
2871595
2872535
2872540
2873203
2873861
2873862
2873883
2873884
2873888
2873890
2878426
2878449
2878494
2878498
2878768
2879237
2879243
2879267
2879268
2884327
2889739
2896118
2900100
2910864
2916927
2917773
2933050
2933064
2933182
2933248
2974579
2980819
2986260
2986352
2990758
2990830
2993824
3013274
3014342
3014364
3016014
3016144
3017022
3018459
3019485
3019488
3019489
3020624
3021459
3021560
3022546
3023355
3023386
3024246
3026923
3027008
3027024
3027025
3027292
3027556
3027564
3028966
3028976
3034147
3034204
3034219
3034220
3034227
3034322
3034329
3034392
3037523
3042889
3047620
3050159
3050991
3051254
3052021
3052068
3054206
3058677
3058963
3059014
3059022
3063424
3063904
3064323
3065616
3066568
3066569
3066572
3066627
3069596
3069650
3069782
3069906
3070243
3070328
3070560
3070603
3070698
3075179
3075633
3075643
3075801
3078229
3081082
3081096
3081153
3081162
3081174
3081181
3081183
3081201
3081204
3081218
3081235
3081240
3081241
3081251
3081261
3081298
3081310
3081321
3081322
3081339
3081364
3081364
3081364
3081364
3081364
3081364
3081371
3081386
3081390
3081393
3081401
3081410
3084884
3084888
3084901
3084919
3084921
3088841
3090615
3090624
3091792
3092409
3092476
3092937
3095208
3095552
3095582
3095606
3095611
3095631
3095632
3095636
3096060
3096081
3096086
3096434
3096453
3096469
3096472
3096473
3096891
3097253
3097707
3098192
3098194
3098196
3098198
3107749
3128523
3134274
3134311
3134335
3134347
3135098
3135110
3135165
3135189
3135207
3135249
3135255
3135255
3135329
3135376
3135439
3135482
3135494
3138410
3138520
3149083
3149611
3150142
3150216
3150386
3151955
3152007
3152036
3152037
3152065
3152073
3152081
3152091
3152461
3152592
3152808
3152826
3182788
3183930
3183937
3183998
3184064
3191436
3205212
3206172
3206189
3207178
3207181
3209869
3212609
3215965
3217628
3217636
3218382
3218385
3218397
3218531
3228563
3231504
3240400
3255675
3258439
3275834
3276819
3277882
3280061
3289203
3289203
3299582
3300218
3304258
3305368
3306531
3308276
3309027
3309362
3315538
3315538
3316457
3316885
3354884
3354932
3354981
3354986
3365600
3398996
3399019
3399025
3399031
3399037
3399043
3399049
3399058
3399064
3399074
3399123
3399189
3399290
3399290
3399383
3399394
3399412
3434235
3438896
3443237
3443241
3443256
3444857
3444863
3446501
3453217
3453359
3453442
3453506
3483660
3483660
3483919
3483983
3484032
3518605
3519012
3523881
3543719
3551253
3557444
3560894
3564651
3564655
3564659
3575919
3585139
3611367
3615190
3618665
3619384
3624461
3624468
3624475
3624482
3624489
3624592
3624718
3654409
3655803
3656952
3661289
3662316
3663875
3663877
3663878
3663879
3663881
3663889
3663950
3666090
3666091
3666092
3666094
3666095
3666098
3666099
3666100
3666112
3700622
3720292
3735255
3747340
3748652
3754949
3755007
3755223
3755952
3756060
3756111
3756120
3756132
3761212
3763171
3763256
3763289
3763372
3763470
3763680
3763712
3914261
3917188
3920538
4030674
4030793
4044143
4044165
4044461
4044473
4049989
4050066
4050602
4050632
4061628
4061698
4061824
4061908
4062207
4062277
4062298
4062347
4155814
4273012
4273109
4273204
4273357
4273559
4273677
4274069
4274098
4274155
4274254
4274337
4274458
4274555
4275075
4275075
4574079
4580086
4580228
4580316
4580341
4580798
4591927
4817552
4817668
4839783
4995050
5086013
5090562
5100426
5101994
5157651
5164154
5172809
5178159
5178809
5178809
5180762
5216360
5240579
5276958
5276991
5277277
5277384
5277425
5286270
5286399
5287088
5287295
5288144
5294833
5296371
5307632
5307842
5307952
5307983
5308073
5308081
5308104
5308192
5308259
5308369
5308531
5308588
5308764
5308901
5308924
5308940
5308996
5309004
5309112
5309438
5309695
5309780
5309848
5311793
5316212
5328170
5343275
5346392
5346553
5346614
5358288
5358291
5362659
5363028
5377908
5384381
5399412
5403827
5404436
5404504
5404600
5404608
5404705
5404957
5405955
5406030
5406044
5406085
5406098
5406112
5406201
5406249
5406279
5406828
5407348
5407364
5407810
5407810
5408340
5408340
5408508
5409007
5409243
5411080
5411208
5411216
5411440
5411761
5412037
5412069
5412095
5412095
5412095
5412108
5412134
5412169
5412180
5414248
5414351
5414415
5414495
5414647
5418604
5424735
5425206
5425215
5425272
5425447
5425459
5425473
5434590
5434593
5434593
5448719
5448753
5449064
5449629
5449637
5449941
5449942
5450924
5451003
5451006
5451009
5451010
5451012
5451018
5451019
5451021
5451022
5451023
5451388
5455014
5455028
5455056
5455105
5455140
5455231
5455252
5455336
5455343
5455469
5455657
5455704
5455744
5455758
5455771
5455879
5458740
5460025
5460074
5460591
5460594
5460597
5460604
5460608
5460851
5460854
5460904
5461106
5461211
5461297
5461321
5461752
5461863
5462558
5463650
5463658
5466751
5466780
5468846
5500399
5500825
5506644
5622719
5624414
5625735
5625740
5625744
5625751
5629081
5645708
5651441
5652588
5653908
5662041
5662055
5662243
5663270
5664624
5666950
5667995
5668038
5668081
5668175
5668240
5668261
5668525
5668746
5669537
5672699
5672705
5672713
5672717
5672721
5672747
5672755
5672820
5675212
5675231
5675293
5675297
5675300
5675316
5744577
5758973
5759084
5759087
5759099
5759117
5759129
5759395
5759395
5759426
5759699
5760246
5760304
5760311
5760319
5760335
5760350
5760389
5760413
5760436
5761428
5761428
5761432
5761581
5762011
5763619
5763619
5764037
5764070
5764085
5764206
5764206
5764221
5764261
5764299
5764326
5767139
5767185
5769202
5769627
5769731
5769820
5769831
5769861
5770349
5770417
5770428
5770450
5770471
5770520
5770961
5771077
5771231
5771264
5771275
5771296
5771307
5771460
5771528
5771539
5771561
5772207
5772209
5772816
5785972
5786293
5786329
5786423
5786443
5786485
5786653
5786660
5786795
5787052
5787495
5787553
5787634
5787825
5787876
5787887
5788046
5788112
5788145
5788166
5788177
5788351
5788437
5788586
5788667
5788689
5788828
5788935
5788986
5791283
5791798
5791802
5791831
5792753
5793129
5793646
5809076
5809440
5813281
5981717
6014041
6014132
6018621
6023465
6106319
6109687
6109785
6109787
6129741
6129800
6150556
6152885
6153506
6153839
6154877
6155377
6165168
6217210
6217210
6218516
6221630
6228975
6236875
6240785
6250708
6270033
6271766
6284060
6284218
6284380
6284575
6284681
6284776
6284826
6285004
6285158
6285268
6285318
6285678
6288150
6288508
6288903
6288967
6289070
6289134
6289298
6290712
6291186
6291265
6291322
6291526
6291667
6292054
6292111
6292242
6292393
6306562
6306746
6306760
6308456
6308879
6309073
6309338
6309418
6309459
6309563
6309605
6309677
6309806
6309913
6310009
6310039
6316291
6316456
6317054
6317071
6317126
6317137
6317215
6323745
6323893
6323893
6324139
6324154
6324503
6324823
6324948
6325060
6325158
6325272
6325487
6325572
6325646
6325806
6325825
6325936
6325982
6326167
6326260
6326433
6326523
6326574
6326756
6326931
6327007
6327007
6327017
6327017
6327116
6327176
6327476
6327546
6327546
6335335
6335509
6335535
6335597
6336354
6354210
6356984
6357056
6361436
6364420
6383098
6383102
6404670
6419849
6500472
6505718
6506210
6506215
6506230
6506232
6506234
6532758
6532811
6532899
6532902
6532909
6791638
6791732
6792069
6793762
6794564
6794567
6795099
6796190
6816229
6823354
6823378
6832035
6832107
6832169
6832172
6832238
6832310
6832348
6832364
6832508
6832550
6832562
6832794
6832928
6832931
6833005
6833072
6833085
6833109
6833120
6833216
6833219
6833352
6833386
6833393
6833469
6833626
6833688
6833711
6833729
6834231
6834526
6834545
6834551
6834565
6834574
6834684
6835014
6835979
6836025
6836094
6836113
6836462
6874469
6874574
6874892
6874903
6874968
6874984
6889436
6892798
6917816
6918345
6918538
6918641
6918746
6918794
6918855
6918963
6919012
6919230
6919299
6933657
6933680
6933789
6933856
6933882
6934025
6934055
6934062
6940682
6940708
6940729
6940809
6968801
6969918
6969918
6969943
6969950
7048342
7048475
7055081
7055400
7055405
7055405
7055846
7055887
7056036
7056551
7056620
7056719
7056877
7056955
7059537
7059890
7155846
7169385
7177649
7177692
7177812
7178016
7178019
7178748
7234248
7234253
7234559
7234565
7234583
7234583
7234663
7234671
7234716
7234741
7234741
7234741
7234802
7234838
7235527
7235609
7300328
7320092
7321218
7321426
7321463
7321560
7321621
7321777
7452173
7453038
7453557
7620958
7621708
7621965
7621969
7621996
7622007
7622016
7622019
7622023
7731538
7825038
7888332
7892027
7892040
7907383
7915163
7915166
7984429
8041473
8041641
8041982
8042315
8051714
8063324
8063329
8063335
8063339
8063367
8063767
8064308
8076525
8076527
8076531
8076536
8076538
8076540
8076543
8076565
8076574
8076581
8076589
8076592
8076596
8076607
8076611
8076618
8076624
8076626
8076632
8076634
8079926
8085060
8085075
8085137
8085140
8085150
8085150
8085154
8086444
8089080
8090750
8098951
8098987
8099001
8099005
8099030
8099048
8099050
8099052
8103356
8103365
8132390
8148386
8171133
8174100
8174102
8177011
8177253
8177678
8178097
8178186
8182459
8185093
8185508
8186669
8187522
8219676
8220005
8220214
8221337
8253731
8258804
8394456
8395099
8421531
8421531
8428992
8798359
8798524
8799208
9737526
9737529
9737543
9737556
9737558
9737562
9737565
9737597
9737601
9745767
9746404
9753128
9753153
9753166
9755032
9761243
9769695
9770379
10274773
10275555
10397553
10397565
10397568
10397589
10397604
10397610
10397618
10400710
10400741
10401535
10404340
10404617
10404997
10410225
10410285
10410333
10724921
10724921
11606515
12151001
12241522
12243940
12245043
12245259
12245457
12245496
12245541
12245580
12247889
12258407
12260199
12266649
12266792
12266865
12372263
12381653
12381696
12534628
12544894
12544904
12544914
12544919
12544927
12544940
12544954
12544971
12545040
12545048
12545051
12545054
12545063
12545092
12545098
12545101
12545119
12545126
12545129
12545134
12545147
12545150
12545168
12545176
12545183
12545198
12545198
12545201
12545206
12545209
12545212
12545215
12545229
12545232
12545235
12545238
12545247
12545252
12545262
12545285
12545291
12545296
12545301
12545304
12545316
12545323
12545326
12545347
12545350
12545350
12545369
12545372
12545393
12545403
12545406
12545423
12545432
12545438
12545485
12545537
12545540
12545563
12545571
12545587
12545595
12545598
12545623
12545645
12545670
12545676
12545692
12545700
12566886
12566916
12566934
12566937
12566954
12566969
12566975
12566983
12566994
12566997
12567008
12567024
12567041
12567044
12567057
12567072
12567075
12567086
12567091
12567104
12567111
12567117
12567120
12567123
12567126
12567129
12567135
12567159
12567164
12567169
12567172
12567180
12567183
12567218
12567221
12567226
12567226
12567232
12567252
12567260
12567263
12567266
12567269
12567277
12567280
12567305
12567317
12567335
12567344
12567358
12567369
12567376
12567381
12567384
12567387
12567404
12567434
12598675
12602054
12602063
12602068
12642588
12650086
12650091
12650094
12650105
12650105
12652577
12652580
13010294
13041837
13179739
13179879
13179879
13183817
13184483
13184483
13184579
13184624
13185660
13185875
13192720
13192853
13193090
13195440
13196872
13197001
13197390
13248316
13248613
13248982
13248997
13249002
13249692
13249715
13249772
13249831
13249912
13250315
13250436
13250524
13251090
13251298
13251552
13293379
13296218
13304375
13344853
13602311
13617321
13618035
13618184
13618186
13618337
13667207
13667320
13667320
13667733
13667739
13667745
13667748
13667748
13667761
13667770
13667821
13667857
13671496
13741251
13832026
13832086
13832122
13832252
13832415
13833135
13834254
13834451
13834776
13834835
13835070
13835131
13835171
13835189
13835192
13835220
13835264
13835301
13835683
13835749
13835854
13836016
13836443
13836466
13836503
13836594
13836692
13836779
13836790
13836801
13837046
13837167
13837380
13837474
13837516
13837844
13837926
13837970
13838111
13838331
13838436
13838923
13839344
13839401
13839508
13839586
13840170
13842079
13842717
13842889
13842912
13843397
13844361
13844700
13844798
13845106
13845909
13846243
13853072
13853116
13853125
13853125
13853190
13853320
13868342
14058836
14062256
14152744
14157502
14157530
14157552
14157561
14157569
14157595
14157693
14157736
14157743
14157746
14157746
14157816
14157904
14157921
14157927
14157933
14157974
14158025
14158037
14158711
14164241
14164294
14164297
14164305
14164311
14164311
14164672
14164719
14164724
14164743
14164778
14164783
14164787
14164799
14164816
14164845
14164850
14166424
14166439
14166447
14166452
14166456
14166460
14166479
14166488
14166492
14166593
14166597
14166602
14166607
14495209
14495629
14495629
14496842
14496905
14551140
14552988
14554583
14558284
15034564
15545573
15545602
15546106
15553708
15702584
15722675
15734318
15901198
15901288
15901288
16168763
